1.017549038961114775e+03
3.169839592655658635e+03
5.314776738454045699e+03
7.434274045474306149e+03
9.654518859008498112e+03
1.140805157245287774e+04
1.401928087808977580e+04
1.610284075276721705e+04
1.830182207506722261e+04
2.332123732873630433e+04
2.445575914722027301e+04
2.901876306186723377e+04
3.526537900550068298e+04
3.668387499206994107e+04
4.201785519067222776e+04
4.924787616759525554e+04
5.347076903124863748e+04
5.695431047228649550e+04
6.626927165184669138e+04
7.611710891467632609e+04
