1.264732799999999990e+01
1.277509979999999956e+01
1.291241510000000048e+01
1.305913540000000062e+01
1.321519450000000084e+01
1.338059130000000074e+01
1.355538010000000071e+01
1.373969540000000045e+01
1.393366909999999947e+01
1.413750399999999985e+01
1.435144760000000019e+01
1.458193490000000025e+01
1.481726090000000085e+01
1.506389820000000057e+01
1.532250600000000063e+01
1.559384919999999930e+01
1.587887839999999962e+01
1.617863649999999964e+01
1.649428659999999880e+01
1.682705899999999843e+01
