-5.600000000000000533e-01 8.999999999999999320e-03 -1.510299999999999976e+00
-5.506999999999999673e-01 -8.200000000000000691e-03 -1.517400000000000082e+00
-5.444999999999999840e-01 -2.350000000000000006e-02 -1.524299999999999988e+00
-5.400000000000000355e-01 -3.790000000000000313e-02 -1.531300000000000106e+00
-5.364999999999999769e-01 -5.210000000000000048e-02 -1.538699999999999957e+00
-5.333999999999999853e-01 -6.660000000000000642e-02 -1.546499999999999986e+00
-5.304999999999999716e-01 -8.160000000000000586e-02 -1.554899999999999949e+00
-5.275999999999999579e-01 -9.740000000000000047e-02 -1.564000000000000057e+00
-5.248000000000000442e-01 -1.140000000000000041e-01 -1.573900000000000077e+00
-5.223999999999999755e-01 -1.313000000000000000e-01 -1.584500000000000020e+00
-5.205999999999999517e-01 -1.491000000000000103e-01 -1.596000000000000085e+00
-5.201000000000000068e-01 -1.673000000000000043e-01 -1.607900000000000107e+00
-5.215999999999999526e-01 -1.850999999999999868e-01 -1.620900000000000007e+00
-5.261000000000000121e-01 -2.023000000000000076e-01 -1.634700000000000042e+00
-5.344999999999999751e-01 -2.182000000000000051e-01 -1.649199999999999999e+00
-5.480000000000000426e-01 -2.321999999999999897e-01 -1.664299999999999891e+00
-5.676999999999999824e-01 -2.434999999999999942e-01 -1.679899999999999949e+00
-5.949999999999999734e-01 -2.513000000000000234e-01 -1.696099999999999941e+00
-6.310999999999999943e-01 -2.550000000000000044e-01 -1.712499999999999911e+00
-6.774000000000000021e-01 -2.538000000000000256e-01 -1.729300000000000059e+00
