Beginning PPY_1butanol/TPSS_6-311++G** DVR Calculation
Optimized Coordinates for DVR = 
[[ 3.1272279  -0.22051452  0.06454448]
 [ 2.2195819   0.54230071  0.27097218]
 [ 1.40570918  1.212154    0.44776017]
 [ 4.22985745 -1.14233814 -0.18016749]
 [ 4.24282453 -1.94424747  0.56371107]
 [ 5.19195242 -0.62408    -0.13177601]
 [ 4.14559392 -1.60251159 -1.168989  ]
 [-0.3820268   3.13685009 -0.12566178]
 [-0.48604352  2.29230794  0.32312867]
 [-1.2836811   1.4224859  -0.49640475]
 [-1.60503679  0.17031055  0.30470037]
 [-2.44136868 -0.84062378 -0.48866964]
 [-2.76226368 -2.10407558  0.31612817]
 [-0.73259883  1.1563358  -1.4087708 ]
 [-2.21039015  1.92982641 -0.79509474]
 [-0.66584317 -0.29522726  0.62208959]
 [-2.13635846  0.46452964  1.21685515]
 [-1.90433867 -1.1186389  -1.40368572]
 [-3.37652913 -0.3681972  -0.81426368]
 [-1.84604276 -2.61592249  0.62613886]
 [-3.32787525 -1.86215557  1.22139001]
 [-3.35718034 -2.81017288 -0.26966481]]
Atom symbols for DVR = 
['C', 'C', 'H', 'C', 'H', 'H', 'H', 'H', 'O', 'C', 'C', 'C', 'C', 'H', 'H', 'H', 'H', 'H', 'H', 'H', 'H', 'H']
r0_r_cr = 1.4578870490279792
r0_cr_ch = 1.2034619795995827
r0_ch_h = 1.0688059842170199
Calculating 20 single point energies
Calculating polarizabilities
Coordinates at PES gridpoint = 
[[ 2.999539 -0.113764  0.092883]
 [ 2.311038  0.465372  0.25009 ]
 [ 1.570233  1.076443  0.411838]
 [ 4.229857 -1.142338 -0.180167]
 [ 4.242825 -1.944247  0.563711]
 [ 5.191952 -0.62408  -0.131776]
 [ 4.145594 -1.602512 -1.168989]
 [-0.382027  3.13685  -0.125662]
 [-0.486044  2.292308  0.323129]
 [-1.283681  1.422486 -0.496405]
 [-1.605037  0.170311  0.3047  ]
 [-2.441369 -0.840624 -0.48867 ]
 [-2.762264 -2.104076  0.316128]
 [-0.732599  1.156336 -1.408771]
 [-2.21039   1.929826 -0.795095]
 [-0.665843 -0.295227  0.62209 ]
 [-2.136358  0.46453   1.216855]
 [-1.904339 -1.118639 -1.403686]
 [-3.376529 -0.368197 -0.814264]
 [-1.846043 -2.615922  0.626139]
 [-3.327875 -1.862156  1.22139 ]
 [-3.35718  -2.810173 -0.269665]]
The polarizability for point 0, where q = -0.3, is = 12.647328
Coordinates at PES gridpoint = 
[[ 3.01746  -0.128746  0.088906]
 [ 2.298208  0.476173  0.253031]
 [ 1.547161  1.095508  0.416897]
 [ 4.229857 -1.142338 -0.180167]
 [ 4.242825 -1.944247  0.563711]
 [ 5.191952 -0.62408  -0.131776]
 [ 4.145594 -1.602512 -1.168989]
 [-0.382027  3.13685  -0.125662]
 [-0.486044  2.292308  0.323129]
 [-1.283681  1.422486 -0.496405]
 [-1.605037  0.170311  0.3047  ]
 [-2.441369 -0.840624 -0.48867 ]
 [-2.762264 -2.104076  0.316128]
 [-0.732599  1.156336 -1.408771]
 [-2.21039   1.929826 -0.795095]
 [-0.665843 -0.295227  0.62209 ]
 [-2.136358  0.46453   1.216855]
 [-1.904339 -1.118639 -1.403686]
 [-3.376529 -0.368197 -0.814264]
 [-1.846043 -2.615922  0.626139]
 [-3.327875 -1.862156  1.22139 ]
 [-3.35718  -2.810173 -0.269665]]
The polarizability for point 1, where q = -0.26, is = 12.7750998
Coordinates at PES gridpoint = 
[[ 3.035381 -0.143729  0.084928]
 [ 2.285375  0.486973  0.255968]
 [ 1.524083  1.114568  0.421951]
 [ 4.229857 -1.142338 -0.180167]
 [ 4.242825 -1.944247  0.563711]
 [ 5.191952 -0.62408  -0.131776]
 [ 4.145594 -1.602512 -1.168989]
 [-0.382027  3.13685  -0.125662]
 [-0.486044  2.292308  0.323129]
 [-1.283681  1.422486 -0.496405]
 [-1.605037  0.170311  0.3047  ]
 [-2.441369 -0.840624 -0.48867 ]
 [-2.762264 -2.104076  0.316128]
 [-0.732599  1.156336 -1.408771]
 [-2.21039   1.929826 -0.795095]
 [-0.665843 -0.295227  0.62209 ]
 [-2.136358  0.46453   1.216855]
 [-1.904339 -1.118639 -1.403686]
 [-3.376529 -0.368197 -0.814264]
 [-1.846043 -2.615922  0.626139]
 [-3.327875 -1.862156  1.22139 ]
 [-3.35718  -2.810173 -0.269665]]
The polarizability for point 2, where q = -0.22, is = 12.9124151
Coordinates at PES gridpoint = 
[[ 3.053303 -0.158711  0.080951]
 [ 2.272541  0.497771  0.258902]
 [ 1.500999  1.133623  0.426999]
 [ 4.229857 -1.142338 -0.180167]
 [ 4.242825 -1.944247  0.563711]
 [ 5.191952 -0.62408  -0.131776]
 [ 4.145594 -1.602512 -1.168989]
 [-0.382027  3.13685  -0.125662]
 [-0.486044  2.292308  0.323129]
 [-1.283681  1.422486 -0.496405]
 [-1.605037  0.170311  0.3047  ]
 [-2.441369 -0.840624 -0.48867 ]
 [-2.762264 -2.104076  0.316128]
 [-0.732599  1.156336 -1.408771]
 [-2.21039   1.929826 -0.795095]
 [-0.665843 -0.295227  0.62209 ]
 [-2.136358  0.46453   1.216855]
 [-1.904339 -1.118639 -1.403686]
 [-3.376529 -0.368197 -0.814264]
 [-1.846043 -2.615922  0.626139]
 [-3.327875 -1.862156  1.22139 ]
 [-3.35718  -2.810173 -0.269665]]
The polarizability for point 3, where q = -0.17, is = 13.0591354
Coordinates at PES gridpoint = 
[[ 3.071224 -0.173694  0.076974]
 [ 2.259705  0.508568  0.261832]
 [ 1.477909  1.152671  0.432041]
 [ 4.229857 -1.142338 -0.180167]
 [ 4.242825 -1.944247  0.563711]
 [ 5.191952 -0.62408  -0.131776]
 [ 4.145594 -1.602512 -1.168989]
 [-0.382027  3.13685  -0.125662]
 [-0.486044  2.292308  0.323129]
 [-1.283681  1.422486 -0.496405]
 [-1.605037  0.170311  0.3047  ]
 [-2.441369 -0.840624 -0.48867 ]
 [-2.762264 -2.104076  0.316128]
 [-0.732599  1.156336 -1.408771]
 [-2.21039   1.929826 -0.795095]
 [-0.665843 -0.295227  0.62209 ]
 [-2.136358  0.46453   1.216855]
 [-1.904339 -1.118639 -1.403686]
 [-3.376529 -0.368197 -0.814264]
 [-1.846043 -2.615922  0.626139]
 [-3.327875 -1.862156  1.22139 ]
 [-3.35718  -2.810173 -0.269665]]
The polarizability for point 4, where q = -0.13, is = 13.2151945
Coordinates at PES gridpoint = 
[[ 3.089145 -0.188677  0.072996]
 [ 2.246867  0.519364  0.26476 ]
 [ 1.454812  1.171712  0.437077]
 [ 4.229857 -1.142338 -0.180167]
 [ 4.242825 -1.944247  0.563711]
 [ 5.191952 -0.62408  -0.131776]
 [ 4.145594 -1.602512 -1.168989]
 [-0.382027  3.13685  -0.125662]
 [-0.486044  2.292308  0.323129]
 [-1.283681  1.422486 -0.496405]
 [-1.605037  0.170311  0.3047  ]
 [-2.441369 -0.840624 -0.48867 ]
 [-2.762264 -2.104076  0.316128]
 [-0.732599  1.156336 -1.408771]
 [-2.21039   1.929826 -0.795095]
 [-0.665843 -0.295227  0.62209 ]
 [-2.136358  0.46453   1.216855]
 [-1.904339 -1.118639 -1.403686]
 [-3.376529 -0.368197 -0.814264]
 [-1.846043 -2.615922  0.626139]
 [-3.327875 -1.862156  1.22139 ]
 [-3.35718  -2.810173 -0.269665]]
The polarizability for point 5, where q = -0.09, is = 13.3805913
Coordinates at PES gridpoint = 
[[ 3.107066 -0.203659  0.069019]
 [ 2.234028  0.530158  0.267685]
 [ 1.431709  1.190747  0.442108]
 [ 4.229857 -1.142338 -0.180167]
 [ 4.242825 -1.944247  0.563711]
 [ 5.191952 -0.62408  -0.131776]
 [ 4.145594 -1.602512 -1.168989]
 [-0.382027  3.13685  -0.125662]
 [-0.486044  2.292308  0.323129]
 [-1.283681  1.422486 -0.496405]
 [-1.605037  0.170311  0.3047  ]
 [-2.441369 -0.840624 -0.48867 ]
 [-2.762264 -2.104076  0.316128]
 [-0.732599  1.156336 -1.408771]
 [-2.21039   1.929826 -0.795095]
 [-0.665843 -0.295227  0.62209 ]
 [-2.136358  0.46453   1.216855]
 [-1.904339 -1.118639 -1.403686]
 [-3.376529 -0.368197 -0.814264]
 [-1.846043 -2.615922  0.626139]
 [-3.327875 -1.862156  1.22139 ]
 [-3.35718  -2.810173 -0.269665]]
The polarizability for point 6, where q = -0.05, is = 13.5553801
Coordinates at PES gridpoint = 
[[ 3.124988 -0.218642  0.065042]
 [ 2.221187  0.540952  0.270607]
 [ 1.408598  1.209776  0.447133]
 [ 4.229857 -1.142338 -0.180167]
 [ 4.242825 -1.944247  0.563711]
 [ 5.191952 -0.62408  -0.131776]
 [ 4.145594 -1.602512 -1.168989]
 [-0.382027  3.13685  -0.125662]
 [-0.486044  2.292308  0.323129]
 [-1.283681  1.422486 -0.496405]
 [-1.605037  0.170311  0.3047  ]
 [-2.441369 -0.840624 -0.48867 ]
 [-2.762264 -2.104076  0.316128]
 [-0.732599  1.156336 -1.408771]
 [-2.21039   1.929826 -0.795095]
 [-0.665843 -0.295227  0.62209 ]
 [-2.136358  0.46453   1.216855]
 [-1.904339 -1.118639 -1.403686]
 [-3.376529 -0.368197 -0.814264]
 [-1.846043 -2.615922  0.626139]
 [-3.327875 -1.862156  1.22139 ]
 [-3.35718  -2.810173 -0.269665]]
The polarizability for point 7, where q = -0.01, is = 13.7396954
Coordinates at PES gridpoint = 
[[ 3.142909 -0.233624  0.061064]
 [ 2.208345  0.551744  0.273527]
 [ 1.385481  1.228798  0.452151]
 [ 4.229857 -1.142338 -0.180167]
 [ 4.242825 -1.944247  0.563711]
 [ 5.191952 -0.62408  -0.131776]
 [ 4.145594 -1.602512 -1.168989]
 [-0.382027  3.13685  -0.125662]
 [-0.486044  2.292308  0.323129]
 [-1.283681  1.422486 -0.496405]
 [-1.605037  0.170311  0.3047  ]
 [-2.441369 -0.840624 -0.48867 ]
 [-2.762264 -2.104076  0.316128]
 [-0.732599  1.156336 -1.408771]
 [-2.21039   1.929826 -0.795095]
 [-0.665843 -0.295227  0.62209 ]
 [-2.136358  0.46453   1.216855]
 [-1.904339 -1.118639 -1.403686]
 [-3.376529 -0.368197 -0.814264]
 [-1.846043 -2.615922  0.626139]
 [-3.327875 -1.862156  1.22139 ]
 [-3.35718  -2.810173 -0.269665]]
The polarizability for point 8, where q = 0.04, is = 13.9336691
Coordinates at PES gridpoint = 
[[ 3.16083  -0.248607  0.057087]
 [ 2.195501  0.562535  0.276444]
 [ 1.362357  1.247812  0.457164]
 [ 4.229857 -1.142338 -0.180167]
 [ 4.242825 -1.944247  0.563711]
 [ 5.191952 -0.62408  -0.131776]
 [ 4.145594 -1.602512 -1.168989]
 [-0.382027  3.13685  -0.125662]
 [-0.486044  2.292308  0.323129]
 [-1.283681  1.422486 -0.496405]
 [-1.605037  0.170311  0.3047  ]
 [-2.441369 -0.840624 -0.48867 ]
 [-2.762264 -2.104076  0.316128]
 [-0.732599  1.156336 -1.408771]
 [-2.21039   1.929826 -0.795095]
 [-0.665843 -0.295227  0.62209 ]
 [-2.136358  0.46453   1.216855]
 [-1.904339 -1.118639 -1.403686]
 [-3.376529 -0.368197 -0.814264]
 [-1.846043 -2.615922  0.626139]
 [-3.327875 -1.862156  1.22139 ]
 [-3.35718  -2.810173 -0.269665]]
The polarizability for point 9, where q = 0.08, is = 14.137504
Coordinates at PES gridpoint = 
[[ 3.178752 -0.263589  0.05311 ]
 [ 2.182656  0.573326  0.279359]
 [ 1.339225  1.266819  0.46217 ]
 [ 4.229857 -1.142338 -0.180167]
 [ 4.242825 -1.944247  0.563711]
 [ 5.191952 -0.62408  -0.131776]
 [ 4.145594 -1.602512 -1.168989]
 [-0.382027  3.13685  -0.125662]
 [-0.486044  2.292308  0.323129]
 [-1.283681  1.422486 -0.496405]
 [-1.605037  0.170311  0.3047  ]
 [-2.441369 -0.840624 -0.48867 ]
 [-2.762264 -2.104076  0.316128]
 [-0.732599  1.156336 -1.408771]
 [-2.21039   1.929826 -0.795095]
 [-0.665843 -0.295227  0.62209 ]
 [-2.136358  0.46453   1.216855]
 [-1.904339 -1.118639 -1.403686]
 [-3.376529 -0.368197 -0.814264]
 [-1.846043 -2.615922  0.626139]
 [-3.327875 -1.862156  1.22139 ]
 [-3.35718  -2.810173 -0.269665]]
The polarizability for point 10, where q = 0.12, is = 14.3514476
Coordinates at PES gridpoint = 
[[ 3.196673 -0.278572  0.049132]
 [ 2.16981   0.584115  0.282272]
 [ 1.316086  1.285818  0.467171]
 [ 4.229857 -1.142338 -0.180167]
 [ 4.242825 -1.944247  0.563711]
 [ 5.191952 -0.62408  -0.131776]
 [ 4.145594 -1.602512 -1.168989]
 [-0.382027  3.13685  -0.125662]
 [-0.486044  2.292308  0.323129]
 [-1.283681  1.422486 -0.496405]
 [-1.605037  0.170311  0.3047  ]
 [-2.441369 -0.840624 -0.48867 ]
 [-2.762264 -2.104076  0.316128]
 [-0.732599  1.156336 -1.408771]
 [-2.21039   1.929826 -0.795095]
 [-0.665843 -0.295227  0.62209 ]
 [-2.136358  0.46453   1.216855]
 [-1.904339 -1.118639 -1.403686]
 [-3.376529 -0.368197 -0.814264]
 [-1.846043 -2.615922  0.626139]
 [-3.327875 -1.862156  1.22139 ]
 [-3.35718  -2.810173 -0.269665]]
The polarizability for point 11, where q = 0.16, is = 14.5819349
Coordinates at PES gridpoint = 
[[ 3.214594 -0.293555  0.045155]
 [ 2.156963  0.594904  0.285184]
 [ 1.292938  1.304809  0.472165]
 [ 4.229857 -1.142338 -0.180167]
 [ 4.242825 -1.944247  0.563711]
 [ 5.191952 -0.62408  -0.131776]
 [ 4.145594 -1.602512 -1.168989]
 [-0.382027  3.13685  -0.125662]
 [-0.486044  2.292308  0.323129]
 [-1.283681  1.422486 -0.496405]
 [-1.605037  0.170311  0.3047  ]
 [-2.441369 -0.840624 -0.48867 ]
 [-2.762264 -2.104076  0.316128]
 [-0.732599  1.156336 -1.408771]
 [-2.21039   1.929826 -0.795095]
 [-0.665843 -0.295227  0.62209 ]
 [-2.136358  0.46453   1.216855]
 [-1.904339 -1.118639 -1.403686]
 [-3.376529 -0.368197 -0.814264]
 [-1.846043 -2.615922  0.626139]
 [-3.327875 -1.862156  1.22139 ]
 [-3.35718  -2.810173 -0.269665]]
The polarizability for point 12, where q = 0.21, is = 14.8172609
Coordinates at PES gridpoint = 
[[ 3.232515 -0.308537  0.041178]
 [ 2.144114  0.605692  0.288093]
 [ 1.269783  1.323792  0.477152]
 [ 4.229857 -1.142338 -0.180167]
 [ 4.242825 -1.944247  0.563711]
 [ 5.191952 -0.62408  -0.131776]
 [ 4.145594 -1.602512 -1.168989]
 [-0.382027  3.13685  -0.125662]
 [-0.486044  2.292308  0.323129]
 [-1.283681  1.422486 -0.496405]
 [-1.605037  0.170311  0.3047  ]
 [-2.441369 -0.840624 -0.48867 ]
 [-2.762264 -2.104076  0.316128]
 [-0.732599  1.156336 -1.408771]
 [-2.21039   1.929826 -0.795095]
 [-0.665843 -0.295227  0.62209 ]
 [-2.136358  0.46453   1.216855]
 [-1.904339 -1.118639 -1.403686]
 [-3.376529 -0.368197 -0.814264]
 [-1.846043 -2.615922  0.626139]
 [-3.327875 -1.862156  1.22139 ]
 [-3.35718  -2.810173 -0.269665]]
The polarizability for point 13, where q = 0.25, is = 15.0638982
Coordinates at PES gridpoint = 
[[ 3.250437 -0.32352   0.0372  ]
 [ 2.131265  0.616479  0.291   ]
 [ 1.246618  1.342766  0.482133]
 [ 4.229857 -1.142338 -0.180167]
 [ 4.242825 -1.944247  0.563711]
 [ 5.191952 -0.62408  -0.131776]
 [ 4.145594 -1.602512 -1.168989]
 [-0.382027  3.13685  -0.125662]
 [-0.486044  2.292308  0.323129]
 [-1.283681  1.422486 -0.496405]
 [-1.605037  0.170311  0.3047  ]
 [-2.441369 -0.840624 -0.48867 ]
 [-2.762264 -2.104076  0.316128]
 [-0.732599  1.156336 -1.408771]
 [-2.21039   1.929826 -0.795095]
 [-0.665843 -0.295227  0.62209 ]
 [-2.136358  0.46453   1.216855]
 [-1.904339 -1.118639 -1.403686]
 [-3.376529 -0.368197 -0.814264]
 [-1.846043 -2.615922  0.626139]
 [-3.327875 -1.862156  1.22139 ]
 [-3.35718  -2.810173 -0.269665]]
The polarizability for point 14, where q = 0.29, is = 15.322506
Coordinates at PES gridpoint = 
[[ 3.268358 -0.338502  0.033223]
 [ 2.118415  0.627265  0.293906]
 [ 1.223445  1.361731  0.487106]
 [ 4.229857 -1.142338 -0.180167]
 [ 4.242825 -1.944247  0.563711]
 [ 5.191952 -0.62408  -0.131776]
 [ 4.145594 -1.602512 -1.168989]
 [-0.382027  3.13685  -0.125662]
 [-0.486044  2.292308  0.323129]
 [-1.283681  1.422486 -0.496405]
 [-1.605037  0.170311  0.3047  ]
 [-2.441369 -0.840624 -0.48867 ]
 [-2.762264 -2.104076  0.316128]
 [-0.732599  1.156336 -1.408771]
 [-2.21039   1.929826 -0.795095]
 [-0.665843 -0.295227  0.62209 ]
 [-2.136358  0.46453   1.216855]
 [-1.904339 -1.118639 -1.403686]
 [-3.376529 -0.368197 -0.814264]
 [-1.846043 -2.615922  0.626139]
 [-3.327875 -1.862156  1.22139 ]
 [-3.35718  -2.810173 -0.269665]]
The polarizability for point 15, where q = 0.33, is = 15.5938492
Coordinates at PES gridpoint = 
[[ 3.286279 -0.353485  0.029245]
 [ 2.105563  0.638051  0.29681 ]
 [ 1.200262  1.380686  0.492073]
 [ 4.229857 -1.142338 -0.180167]
 [ 4.242825 -1.944247  0.563711]
 [ 5.191952 -0.62408  -0.131776]
 [ 4.145594 -1.602512 -1.168989]
 [-0.382027  3.13685  -0.125662]
 [-0.486044  2.292308  0.323129]
 [-1.283681  1.422486 -0.496405]
 [-1.605037  0.170311  0.3047  ]
 [-2.441369 -0.840624 -0.48867 ]
 [-2.762264 -2.104076  0.316128]
 [-0.732599  1.156336 -1.408771]
 [-2.21039   1.929826 -0.795095]
 [-0.665843 -0.295227  0.62209 ]
 [-2.136358  0.46453   1.216855]
 [-1.904339 -1.118639 -1.403686]
 [-3.376529 -0.368197 -0.814264]
 [-1.846043 -2.615922  0.626139]
 [-3.327875 -1.862156  1.22139 ]
 [-3.35718  -2.810173 -0.269665]]
The polarizability for point 16, where q = 0.37, is = 15.8788784
Coordinates at PES gridpoint = 
[[ 3.3042   -0.368468  0.025268]
 [ 2.092711  0.648836  0.299713]
 [ 1.177069  1.399631  0.497031]
 [ 4.229857 -1.142338 -0.180167]
 [ 4.242825 -1.944247  0.563711]
 [ 5.191952 -0.62408  -0.131776]
 [ 4.145594 -1.602512 -1.168989]
 [-0.382027  3.13685  -0.125662]
 [-0.486044  2.292308  0.323129]
 [-1.283681  1.422486 -0.496405]
 [-1.605037  0.170311  0.3047  ]
 [-2.441369 -0.840624 -0.48867 ]
 [-2.762264 -2.104076  0.316128]
 [-0.732599  1.156336 -1.408771]
 [-2.21039   1.929826 -0.795095]
 [-0.665843 -0.295227  0.62209 ]
 [-2.136358  0.46453   1.216855]
 [-1.904339 -1.118639 -1.403686]
 [-3.376529 -0.368197 -0.814264]
 [-1.846043 -2.615922  0.626139]
 [-3.327875 -1.862156  1.22139 ]
 [-3.35718  -2.810173 -0.269665]]
The polarizability for point 17, where q = 0.42, is = 16.1786365
Coordinates at PES gridpoint = 
[[ 3.322122 -0.38345   0.021291]
 [ 2.079858  0.65962   0.302614]
 [ 1.153866  1.418565  0.501983]
 [ 4.229857 -1.142338 -0.180167]
 [ 4.242825 -1.944247  0.563711]
 [ 5.191952 -0.62408  -0.131776]
 [ 4.145594 -1.602512 -1.168989]
 [-0.382027  3.13685  -0.125662]
 [-0.486044  2.292308  0.323129]
 [-1.283681  1.422486 -0.496405]
 [-1.605037  0.170311  0.3047  ]
 [-2.441369 -0.840624 -0.48867 ]
 [-2.762264 -2.104076  0.316128]
 [-0.732599  1.156336 -1.408771]
 [-2.21039   1.929826 -0.795095]
 [-0.665843 -0.295227  0.62209 ]
 [-2.136358  0.46453   1.216855]
 [-1.904339 -1.118639 -1.403686]
 [-3.376529 -0.368197 -0.814264]
 [-1.846043 -2.615922  0.626139]
 [-3.327875 -1.862156  1.22139 ]
 [-3.35718  -2.810173 -0.269665]]
The polarizability for point 18, where q = 0.46, is = 16.4942866
Coordinates at PES gridpoint = 
[[ 3.340043 -0.398433  0.017313]
 [ 2.067004  0.670404  0.305514]
 [ 1.130652  1.437488  0.506926]
 [ 4.229857 -1.142338 -0.180167]
 [ 4.242825 -1.944247  0.563711]
 [ 5.191952 -0.62408  -0.131776]
 [ 4.145594 -1.602512 -1.168989]
 [-0.382027  3.13685  -0.125662]
 [-0.486044  2.292308  0.323129]
 [-1.283681  1.422486 -0.496405]
 [-1.605037  0.170311  0.3047  ]
 [-2.441369 -0.840624 -0.48867 ]
 [-2.762264 -2.104076  0.316128]
 [-0.732599  1.156336 -1.408771]
 [-2.21039   1.929826 -0.795095]
 [-0.665843 -0.295227  0.62209 ]
 [-2.136358  0.46453   1.216855]
 [-1.904339 -1.118639 -1.403686]
 [-3.376529 -0.368197 -0.814264]
 [-1.846043 -2.615922  0.626139]
 [-3.327875 -1.862156  1.22139 ]
 [-3.35718  -2.810173 -0.269665]]
The polarizability for point 19, where q = 0.5, is = 16.827059
The PES energy array = 
[-350.16738399 -350.26923647 -350.34604953 -350.40244942 -350.4422071
 -350.46838448 -350.48346562 -350.48946643 -350.48801609 -350.48043041
 -350.4677649  -350.45089975 -350.43041943 -350.40687588 -350.38065246
 -350.35202419 -350.32116567 -350.2881696  -350.25304717 -350.215738  ]
The calculated normal mode DVR frequency = 2152.2905536945436
The isotropic transition polarizability is =0.16157370162020007
PPY_1butanol/TPSS_6-311++G** DVR Calculation Complete!
Extracting Dipoles...
PPY_1butanol/TPSS_6-311++G** Dipole Moments Extracted!
