1.069312550094605513e+03
3.225455722625708404e+03
5.371505024220177802e+03
7.514196823514223070e+03
9.671353702551603419e+03
1.150859384598807083e+04
1.450605620490870933e+04
1.538507877276894214e+04
1.913946304953204890e+04
2.300385209266976381e+04
2.431899089756298417e+04
3.012695032333414201e+04
3.463294406601964147e+04
3.649165516423700319e+04
4.335943875741114607e+04
5.068236525413687195e+04
5.072144385521735967e+04
5.854562047629152221e+04
6.798260157386666106e+04
7.246873787353394437e+04
